1,1,0,0,1,1,0,1,0,0,6,m
1,1,0,0,1,1,0,1,0,0,6,m
1,1,0,0,0,1,1,1,0,0,6,m
0,1,0,0,1,1,0,0,0,1,5,f
1,1,1,1,1,1,1,1,1,1,5,m
0,0,1,0,1,1,0,1,0,1,4,m
1,0,1,1,1,1,0,1,0,1,5,m
1,1,1,1,1,1,1,1,0,0,5,f
1,1,1,1,1,1,1,0,0,0,11,f
0,0,1,1,1,0,1,1,0,0,11,f
1,0,0,0,1,1,1,1,1,1,10,m
0,1,0,0,1,0,0,0,0,1,5,f
0,1,1,1,1,1,1,1,1,1,4,m
1,0,0,0,0,0,1,0,0,0,4,f
1,1,1,1,1,1,1,1,1,1,6,m
1,1,1,1,1,1,1,1,1,1,8,m
1,1,1,1,1,1,0,1,1,1,4,m
0,0,0,0,0,0,1,0,0,0,7,m
1,0,1,1,1,0,1,1,1,1,11,m
1,1,1,1,1,1,0,1,0,1,5,m
1,1,1,1,1,1,1,0,1,0,5,m
0,0,1,1,0,1,0,1,1,0,9,f
1,1,0,1,0,0,0,0,0,0,4,m
1,0,1,1,0,1,0,0,1,0,6,f
1,0,1,1,1,1,0,1,1,1,11,m
0,0,1,1,1,0,1,1,1,0,6,m
1,0,1,0,1,1,0,0,1,1,6,f
1,1,1,1,1,1,1,1,1,1,5,m
0,1,1,0,0,0,1,1,0,1,6,m
0,0,1,0,1,0,1,0,0,0,4,f
1,1,1,1,1,1,1,1,1,1,11,m
0,0,1,0,0,1,0,0,1,1,6,m
1,0,0,1,0,1,1,1,1,1,7,m
1,0,0,0,1,1,0,1,0,1,5,m
1,0,0,0,1,1,0,0,1,1,6,m
0,1,0,0,0,0,0,0,0,0,7,f
0,1,0,0,1,0,0,1,0,0,4,f
1,1,0,0,0,0,0,0,0,0,7,m
1,1,1,1,1,1,1,1,1,1,4,m
0,1,1,1,1,1,1,1,0,1,4,m
0,0,1,1,1,1,0,1,0,1,5,m
0,1,0,0,0,0,0,0,0,0,4,m
1,0,0,0,1,0,1,0,0,1,6,f
1,0,1,1,1,1,0,1,1,1,4,f
0,0,0,1,0,0,1,0,0,0,10,m
0,1,1,0,1,1,0,0,0,1,4,f
0,1,1,0,1,1,0,0,0,0,4,f
1,1,1,0,1,0,1,1,0,1,6,m
1,0,1,1,1,1,0,0,1,1,6,f
0,1,0,0,1,0,0,0,0,0,7,m
0,1,0,0,1,0,1,0,0,1,7,m
0,0,1,0,1,1,1,0,1,1,4,m
1,0,0,1,0,1,0,1,1,1,6,m
1,1,1,1,1,1,1,0,1,1,7,m
1,0,1,1,0,1,0,0,0,1,5,m
0,0,1,0,1,0,0,0,0,0,5,m
0,0,1,0,0,1,0,0,0,0,6,m
1,0,1,1,1,1,1,1,1,1,4,f
1,0,1,1,1,1,1,1,1,0,9,f
1,0,1,1,1,1,0,0,1,1,4,m
1,0,1,0,1,0,0,0,0,0,4,m
1,0,1,1,1,1,1,1,1,1,9,m
1,1,1,0,1,1,0,0,0,1,4,f
1,1,1,0,1,1,1,1,1,1,9,m
1,0,1,1,0,0,0,1,0,1,8,m
0,0,1,0,0,0,0,0,0,0,7,m
1,0,0,0,1,0,0,0,0,1,4,m
1,0,0,0,1,0,1,0,0,1,4,m
0,0,1,0,1,1,1,0,1,0,4,f
1,0,1,1,1,1,1,1,1,1,4,m
1,0,1,0,1,0,1,0,0,1,7,m
0,1,0,0,1,0,1,0,0,1,7,f
1,0,1,1,1,1,0,1,0,1,6,m
1,0,1,1,1,1,0,1,1,1,5,f
1,0,1,1,1,1,0,0,1,1,8,f
0,0,0,1,1,1,1,1,1,0,5,m
1,1,1,1,0,1,1,1,1,1,11,f
1,0,0,0,1,0,1,0,0,1,8,m
1,1,1,1,1,1,1,0,1,1,4,m
0,1,1,1,0,1,0,1,1,0,7,m
1,0,0,1,0,1,0,0,0,0,4,m
0,1,1,1,1,1,1,1,1,1,7,m
1,0,1,1,1,1,1,1,0,1,8,m
0,1,1,0,1,1,0,0,0,1,5,m
0,0,1,0,1,1,1,0,1,1,4,m
1,1,1,1,1,1,1,0,1,1,11,f
1,1,1,1,0,0,1,0,1,1,11,f
1,1,1,1,1,1,1,1,1,1,4,m
1,1,1,1,0,1,0,0,0,0,5,m
0,1,1,1,1,1,1,1,1,1,6,m
1,0,1,1,1,1,1,0,1,1,4,f
1,0,0,1,1,1,1,0,0,0,11,f
0,0,1,1,1,1,1,1,1,1,5,m
1,1,1,1,1,1,1,1,1,1,6,m
1,0,1,0,1,1,1,1,0,1,7,m
1,1,1,1,1,1,0,1,0,1,11,m
1,1,1,1,1,0,1,0,1,1,4,m 
1,1,1,0,1,1,1,0,1,1,4,m
0,0,1,1,0,0,0,0,0,0,7,m
1,1,0,1,0,1,1,0,1,0,11,f
1,1,1,1,0,1,1,0,0,1,6,f
0,0,0,0,0,0,1,0,1,0,9,f
0,1,0,1,0,1,0,0,1,1,10
0,0,0,0,1,1,1,0,0,1,4,m
1,1,1,1,1,1,0,1,0,1,4,m
1,1,1,1,1,1,0,0,1,1,10,m
1,0,0,0,1,0,0,0,0,1,4,f
0,1,0,0,0,1,1,1,0,0,11,m
0,0,1,0,1,0,0,0,0,1,7,m
0,1,1,1,1,0,1,1,0,1,5,m
1,1,0,0,0,0,0,0,0,1,4,f
0,0,1,1,1,1,0,1,1,1,8,m
1,1,1,1,1,1,1,1,1,0,4,m
1,0,1,0,1,1,0,1,0,1,4,m
1,1,1,1,1,1,1,1,1,1,11,m
1,1,1,1,1,1,1,0,1,1,10,f
1,1,0,1,0,1,0,0,1,1,6,f
0,0,0,1,1,1,1,1,1,0,4,m
0,1,1,0,1,0,0,0,0,1,4,m
0,1,1,1,0,1,0,1,1,1,4,m
0,0,1,1,0,0,1,1,1,0,10,m
1,1,1,1,1,1,1,1,1,1,7,m
0,1,1,0,0,1,1,1,0,0,4,m
1,1,1,0,0,1,1,1,1,1,6,f
0,1,1,0,1,1,1,1,1,1,5,m
1,1,1,1,0,1,0,1,0,1,7,m
0,0,1,0,1,1,1,1,1,1,4,f
1,0,1,0,1,1,1,1,0,0,9,m
1,0,1,1,0,1,1,1,0,1,4,f
1,1,1,1,1,1,1,0,1,1,10,m
1,1,0,0,0,0,1,0,0,1,9,m
0,1,1,1,1,1,0,0,0,1,5,m
1,1,1,0,0,0,0,0,1,1,4,f
1,1,1,1,1,1,0,1,1,1,4,m
0,1,1,1,1,0,0,0,1,0,6,m
1,1,1,0,1,0,1,0,1,1,4,f
0,0,0,0,0,0,0,0,0,0,5,f
0,1,1,0,1,1,1,1,0,0,7,m
1,1,1,1,1,1,1,1,1,1,9,m
1,0,1,1,1,0,1,1,1,1,7,f
0,1,1,0,0,1,1,1,0,1,10,f
1,0,1,1,1,1,0,1,0,1,4,m
1,0,1,1,0,1,1,1,0,1,4,m
1,1,0,1,1,1,1,0,0,0,7,f
1,1,1,1,1,1,1,0,1,1,4,m
0,1,1,0,1,0,1,0,0,1,4,m
1,1,1,1,1,1,1,0,1,1,10,m
0,0,1,0,1,1,0,1,1,1,4,m
0,0,0,0,1,1,1,0,0,0,4,m
1,1,1,1,1,1,0,0,0,1,4,m
1,0,1,0,1,1,0,1,1,1,4,m
0,1,1,0,0,0,1,1,1,1,7,m
1,1,1,1,1,1,1,0,1,1,4,m
1,1,1,1,1,0,1,0,1,1,5,f
1,1,1,1,1,1,1,1,0,1,6,m
0,1,0,0,0,1,1,1,1,1,6,f
1,1,0,0,1,1,1,1,1,1,6,f
0,1,0,1,1,1,1,0,1,1,9,m
1,1,1,1,1,1,1,1,1,1,8,m
1,0,1,1,1,1,0,1,0,1,11,m
1,0,0,0,1,1,1,1,1,1,9,m
0,1,0,0,0,1,0,0,0,1,9,f
1,0,0,1,1,1,1,0,1,1,7,m
0,0,1,0,0,1,1,0,0,1,4,m
1,0,0,0,1,1,1,0,0,1,10,f
0,0,0,0,1,0,1,1,0,1,8,m
1,0,1,1,1,1,1,1,0,1,6,m
0,1,1,1,1,1,0,1,1,1,8,m
1,0,1,1,1,1,1,1,1,1,11,f
1,1,1,0,1,0,1,0,0,0,5,f
0,0,1,0,1,0,1,0,0,1,4,f
1,1,1,1,1,1,1,1,1,1,11,m
0,0,1,1,1,1,0,0,0,1,11,f
0,1,1,0,0,1,1,1,0,0,4,m
1,0,1,0,1,1,0,0,0,0,8,m
1,0,1,1,1,0,0,0,0,0,8,m
1,1,1,1,1,1,1,1,1,1,9,m
0,0,0,1,0,1,0,0,1,1,4,m
0,0,1,0,1,1,1,1,1,1,4,m
1,1,1,1,1,1,0,0,1,1,4,f
0,1,1,0,1,0,1,0,0,0,4,f
1,0,0,1,1,1,1,1,1,1,11,m
0,1,1,1,0,1,0,0,0,1,10,f
1,0,1,1,1,1,0,1,0,1,11,m
1,0,1,0,1,0,1,0,1,1,4,m
1,1,1,0,1,0,1,1,1,1,4,m
1,1,1,1,1,1,1,1,1,1,6,f
0,0,1,1,1,1,1,1,0,0,8,m
1,1,1,1,1,0,1,1,1,1,4,f
1,1,1,0,1,1,0,1,0,1,4,m
1,1,0,1,1,1,1,0,0,1,8,m
1,1,1,0,1,1,0,0,1,1,11,m
1,0,1,0,1,1,1,0,1,0,4,f
1,1,0,0,1,1,1,0,0,0,5,m
1,1,1,0,0,0,0,0,0,0,4,m
1,1,1,1,1,1,0,0,1,1,8,m
0,0,1,0,1,1,1,1,1,1,4,m
0,1,1,1,1,1,1,1,1,1,4,m
1,0,0,0,1,0,1,0,0,1,9,m
1,0,0,0,1,0,1,0,0,1,9,m
1,1,1,1,1,1,1,0,1,0,4,f
0,0,1,0,1,0,1,0,0,1,5,m
1,1,1,1,1,1,0,0,0,1,7,f
1,0,1,1,1,0,1,1,1,1,4,f
1,1,1,1,0,1,0,0,0,0,5,f
1,1,1,1,1,1,0,1,1,0,6,m
1,1,1,1,0,1,1,1,1,1,8,m
1,0,0,0,1,0,0,0,0,1,4,m
1,0,1,1,1,1,0,1,0,0,5,m
1,0,1,1,1,1,0,1,0,1,5,m
1,0,1,0,1,0,1,0,1,1,6,m
0,1,1,0,1,1,0,0,0,1,4,m
0,0,1,0,1,1,1,0,1,1,8,m
1,0,1,1,0,1,0,1,1,0,5,m
1,1,1,1,1,1,1,1,1,1,4,f
1,0,1,1,1,1,1,1,1,0,6,m
0,0,0,0,0,0,0,0,0,1,11,m
0,0,1,0,0,0,1,0,1,0,6,m
1,0,1,1,1,1,1,1,1,1,4,f
1,1,1,1,1,1,1,1,1,1,8,m
1,1,1,1,1,1,1,0,0,1,4,m
1,1,1,1,1,0,1,1,0,0,4,m
1,1,1,1,1,1,0,0,1,1,6,m
1,0,1,1,1,0,0,0,0,0,8,m
1,1,1,1,1,1,1,1,1,1,9,m
0,0,0,0,1,1,0,1,0,1,8,f
0,0,1,0,1,1,1,1,1,1,5,m
1,0,0,0,1,0,1,1,0,0,5,m
1,1,1,1,0,1,0,1,1,1,4,m
1,0,0,1,1,1,1,1,1,1,10,m
0,1,1,0,0,1,1,0,0,1,4,m
0,1,1,1,1,1,1,0,0,1,4,m
0,1,1,1,1,1,0,1,1,1,5,m
0,1,1,0,1,1,1,0,0,0,4,m
0,0,1,1,1,1,0,1,0,1,5,m
1,1,1,1,1,1,1,0,1,1,7,f
0,1,1,0,0,1,0,0,1,1,11,f
1,0,0,1,0,1,0,1,1,0,11,m
1,0,0,1,1,1,0,0,0,1,11,f
1,1,1,1,0,0,1,0,1,0,9,m
1,0,1,0,1,1,1,0,0,1,6,m
0,1,0,0,0,0,1,0,0,1,6,m
1,1,0,0,0,0,1,0,0,0,9,f
0,1,1,0,1,1,0,1,0,1,7,m
1,1,1,0,0,1,0,1,0,1,5,m
1,1,1,0,1,0,0,0,0,0,5,m
0,0,0,0,0,0,1,0,0,0,10,m
0,0,1,0,0,0,1,0,0,1,7,m
0,1,0,1,1,0,1,1,0,1,9,m
0,1,0,1,1,1,1,1,0,1,7,m
0,1,1,1,1,1,1,1,0,1,7,m
1,0,1,0,1,1,1,1,0,1,7,m
1,0,1,1,1,1,1,1,0,1,9,f
1,1,1,0,0,1,0,0,0,1,5,m
1,1,1,0,1,1,0,0,0,0,4,m
0,0,0,1,1,1,0,0,0,1,5,m
1,1,1,1,1,1,1,1,1,1,4,f
1,0,0,0,1,0,1,0,0,1,5,m
1,0,1,1,1,1,1,1,0,1,5,m
1,1,1,1,0,1,0,0,0,1,4,m
1,1,0,0,1,0,1,1,0,0,6,m
1,1,1,1,1,1,1,1,1,1,6,f
0,1,1,0,0,1,1,0,1,1,5,m
1,0,1,1,1,1,1,0,1,1,11,m
1,1,1,1,0,1,0,1,1,1,10,m
1,1,0,0,1,1,0,0,0,1,4,m
1,0,1,1,1,1,1,1,1,1,5,m
1,0,1,0,1,1,1,0,1,1,10,m
1,0,1,0,0,0,1,1,0,0,9,m
0,1,1,1,1,1,0,1,0,1,4,m
1,0,1,0,0,0,0,0,1,0,4,f
0,0,1,0,0,0,1,0,1,0,5,m
1,1,1,1,1,0,1,1,1,1,8,m
1,1,1,1,1,1,1,0,1,1,8,m
1,0,1,1,0,0,0,0,1,0,6,m
0,0,1,0,1,1,1,1,0,1,11,m
1,1,1,0,1,1,0,0,1,1,10,f
1,0,0,0,1,0,0,1,0,1,6,f
1,1,1,1,1,1,1,1,1,0,6,m
0,0,1,0,0,0,0,0,0,1,4,m
0,1,1,1,1,1,0,0,0,1,4,m
0,1,1,0,0,1,0,1,1,1,4,f
0,0,0,0,1,1,1,0,1,0,5,m
1,0,1,0,1,1,1,0,0,1,10,f
0,1,0,1,1,1,1,1,1,1,10,f
0,1,1,1,1,1,1,1,1,1,5,f
1,1,1,1,1,1,1,1,1,1,7,f
1,0,0,0,1,0,1,0,0,1,7,f
1,0,1,1,1,1,1,0,0,1,4,m
1,1,1,0,1,1,1,1,1,1,4,m
0,0,1,0,1,0,1,0,0,0,4,f
